0	27
1	27
2	27
3	499
4	27
5	27
6	27
7	27
8	27
9	169
10	27
11	739
12	27
13	169
14	335
15	55
16	489
17	27
18	27
19	27
20	729
21	27
22	729
23	169
24	729
25	27
26	27
27	27
28	558
29	55
30	545
31	27
32	169
33	169
34	313
35	313
36	313
37	313
38	729
39	545
40	729
41	545
42	731
43	383
44	729
45	499
46	545
47	545
48	55
49	729
50	313
51	729
52	499
53	729
54	55
55	55
56	499
57	499
58	499
59	499
60	499
61	499
62	499
63	499
64	499
65	499
66	499
67	499
68	499
69	169
70	499
71	499
72	729
73	729
74	739
75	729
76	55
77	169
78	55
79	55
80	729
81	729
82	383
83	739
84	216
85	335
86	335
87	216
88	335
89	499
90	313
91	55
92	335
93	729
94	335
95	558
96	313
97	335
98	335
99	335
100	313
101	953
102	313
103	55
104	55
105	953
106	55
107	169
108	169
109	169
110	169
111	169
112	169
113	169
114	489
115	55
116	169
117	216
118	169
119	169
120	169
121	489
122	169
123	169
124	489
125	489
126	216
127	55
128	55
129	216
130	313
131	545
132	729
133	313
134	729
135	313
136	729
137	731
138	739
139	739
140	739
141	739
142	383
143	739
144	739
145	739
146	739
147	739
148	739
149	739
150	739
151	739
152	888
153	55
154	313
155	313
156	545
157	313
158	888
159	180
160	169
161	169
162	169
163	169
164	169
165	169
166	169
167	169
168	169
169	169
170	169
171	169
172	169
173	169
174	169
175	169
176	169
177	169
178	169
179	169
180	169
181	169
182	729
183	729
184	739
185	729
186	335
187	953
188	335
189	335
190	335
191	55
192	216
193	55
194	489
195	55
196	216
197	216
198	216
199	55
200	55
201	55
202	545
203	55
204	216
205	55
206	216
207	216
208	55
209	55
210	216
211	216
212	55
213	55
214	216
215	216
216	55
217	55
218	216
219	55
220	216
221	216
222	489
223	489
224	489
225	558
226	729
227	729
228	335
229	731
230	729
231	27
232	729
233	313
234	953
235	55
236	729
237	180
238	545
239	731
240	729
241	313
242	383
243	55
244	545
245	313
246	313
247	731
248	558
249	545
250	55
251	545
252	313
253	313
254	489
255	313
256	953
257	55
258	55
259	313
260	953
261	313
262	55
263	180
264	313
265	558
266	739
267	953
268	313
269	313
270	545
271	313
272	489
273	55
274	953
275	383
276	489
277	180
278	953
279	169
280	953
281	499
282	489
283	545
284	499
285	216
286	489
287	55
288	216
289	489
290	55
291	169
292	55
293	169
294	489
295	169
296	169
297	731
298	888
299	739
300	180
301	313
302	383
303	489
304	545
305	558
306	55
307	953
308	27
309	558
310	558
311	558
312	558
313	558
314	558
315	953
316	55
317	55
318	55
319	55
320	55
321	55
322	55
323	55
324	55
325	55
326	216
327	216
328	545
329	313
330	545
331	383
332	545
333	558
334	55
335	55
336	545
337	313
338	953
339	953
340	383
341	953
342	55
343	729
344	313
345	313
346	888
347	313
348	558
349	313
350	313
351	953
352	953
353	729
354	489
355	888
356	383
357	953
358	558
359	55
360	55
361	558
362	216
363	545
364	953
365	313
366	489
367	953
368	953
369	558
370	739
371	729
372	499
373	313
374	313
375	558
376	313
377	729
378	731
379	383
380	383
381	383
382	383
383	383
384	383
385	383
386	383
387	888
388	888
389	55
390	313
391	729
392	383
393	313
394	313
395	888
396	558
397	888
398	313
399	55
400	216
401	545
402	545
403	545
404	731
405	731
406	731
407	731
408	888
409	888
410	888
411	888
412	383
413	383
414	953
415	739
416	558
417	313
418	180
419	55
420	558
421	180
422	953
423	313
424	953
425	499
426	499
427	499
428	729
429	499
430	888
431	558
432	489
433	888
434	55
435	55
436	55
437	545
438	55
439	731
440	216
441	55
442	731
443	731
444	313
445	55
446	180
447	313
448	313
449	313
450	953
451	953
452	180
453	335
454	953
455	953
456	558
457	953
458	313
459	180
460	313
461	953
462	313
463	335
464	335
465	558
466	953
467	545
468	55
469	545
470	180
471	55
472	55
473	55
474	180
475	499
476	180
477	499
478	180
479	180
480	180
481	180
482	180
483	180
484	499
485	180
486	180
487	499
488	489
489	499
490	499
491	169
492	499
493	499
494	489
495	313
496	499
497	313
498	313
499	499
500	545
501	499
502	545
503	383
504	739
505	499
506	499
507	499
508	499
509	499
510	499
511	731
512	180
513	499
514	953
515	499
516	499
517	216
518	499
519	313
520	558
521	499
522	558
523	953
524	499
525	499
526	558
527	558
528	558
529	953
530	953
531	169
532	180
533	953
534	953
535	313
536	499
537	953
538	499
539	499
540	953
541	888
542	545
543	558
544	545
545	558
546	55
547	953
548	729
549	313
550	313
551	888
552	953
553	180
554	731
555	739
556	739
557	558
558	739
559	739
560	558
561	953
562	169
563	180
564	180
565	335
566	335
567	953
568	169
569	558
570	888
571	313
572	739
573	55
574	169
575	313
576	55
577	729
578	953
579	55
580	545
581	313
582	55
583	169
584	313
585	313
586	313
587	953
588	335
589	888
590	888
591	216
592	216
593	216
594	216
595	216
596	335
597	335
598	216
599	216
600	216
601	335
602	335
603	335
604	499
605	558
606	499
607	558
608	558
609	558
610	313
611	558
612	313
613	313
614	313
615	55
616	55
617	55
618	55
619	55
620	335
621	335
622	335
623	335
624	335
625	335
626	335
627	335
628	216
629	558
630	313
631	313
632	383
633	558
634	335
635	335
636	313
637	313
638	313
639	55
640	55
641	55
642	55
643	55
644	55
645	55
646	216
647	216
648	545
649	216
650	489
651	953
652	953
653	953
654	953
655	953
656	313
657	953
658	953
659	953
660	313
661	953
662	953
663	953
664	953
665	55
666	55
667	489
668	169
669	169
670	489
671	55
672	489
673	489
674	489
675	55
676	313
677	55
678	55
679	55
680	55
681	313
682	216
683	489
684	169
685	489
686	545
687	545
688	489
689	169
690	729
691	545
692	489
693	489
694	216
695	216
696	55
697	216
698	169
699	313
700	313
701	313
702	55
703	313
704	313
705	180
706	953
707	335
708	180
709	739
710	558
711	558
712	313
713	489
714	953
715	313
716	313
717	313
718	739
719	739
720	739
721	739
722	739
723	888
724	545
725	888
726	313
727	731
728	888
729	383
730	731
731	739
732	739
733	335
734	739
735	739
736	739
737	558
738	739
739	739
740	739
741	216
742	888
743	888
744	888
745	888
746	888
747	888
748	731
749	558
750	313
751	313
752	313
753	313
754	313
755	888
756	180
757	180
758	180
759	169
760	953
761	313
762	169
763	313
764	558
765	335
766	729
767	313
768	953
769	953
770	953
771	953
772	888
773	335
774	731
775	731
776	55
777	489
778	55
779	216
780	216
781	216
782	216
783	383
784	216
785	216
786	55
787	888
788	489
789	216
790	55
791	216
792	558
793	55
794	558
795	55
796	55
797	55
798	55
799	216
800	216
801	55
802	216
803	216
804	489
805	489
806	313
807	180
808	731
809	558
810	180
811	313
812	313
813	313
814	313
815	180
816	953
817	953
818	953
819	953
820	335
821	558
822	180
823	180
824	313
825	731
826	953
827	313
828	313
829	383
830	383
831	55
832	731
833	731
834	313
835	489
836	489
837	489
838	489
839	313
840	313
841	313
842	953
843	953
844	313
845	313
846	180
847	180
848	180
849	313
850	739
851	739
852	953
853	313
854	180
855	313
856	313
857	313
858	888
859	558
860	545
861	489
862	55
863	953
864	383
865	383
866	489
867	180
868	180
869	180
870	180
871	558
872	489
873	489
874	489
875	489
876	489
877	489
878	489
879	489
880	953
881	169
882	313
883	888
884	888
885	888
886	888
887	888
888	383
889	383
890	383
891	383
892	383
893	383
894	383
895	383
896	489
897	558
898	558
899	558
900	55
901	558
902	558
903	731
904	888
905	558
906	558
907	731
908	558
909	558
910	558
911	558
912	953
913	953
914	55
915	55
916	55
917	55
918	335
919	383
920	953
921	180
922	558
923	558
924	558
925	55
926	489
927	180
928	953
929	953
930	383
931	558
932	953
933	953
934	953
935	383
936	383
937	383
938	313
939	888
940	888
941	888
942	888
943	888
944	888
945	888
946	558
947	313
948	313
949	953
950	953
951	953
952	953
953	953
954	313
955	489
956	180
957	888
958	489
959	313
960	888
961	953
962	558
963	489
964	216
965	489
966	558
967	558
968	558
969	558
970	558
971	313
972	313
973	731
974	953
975	383
976	383
977	888
978	313
979	313
980	383
981	383
982	383
983	313
984	558
985	888
986	953
987	489
988	489
989	953
990	731
991	731
992	888
993	313
994	180
995	180
996	313
997	499
998	499
999	499
1000	313
1001	180
1002	731
1003	558
1004	558
1005	55
1006	180
1007	953
1008	953
1009	953
1010	383
1011	335
1012	335
1013	335
1014	953
1015	953
1016	313
1017	313
1018	313
1019	180
1020	180
1021	180
1022	180
1023	180
1024	180
1025	180
1026	180
1027	953
1028	335
1029	558
1030	313
1031	558
1032	489
1033	180
1034	180
1035	180
1036	180
1037	180
1038	180
1039	180
1040	499
1041	180
1042	180
1043	180
1044	180
1045	489
1046	489
1047	313
1048	313
1049	545
1050	731
1051	499
1052	558
1053	558
1054	169
1055	953
1056	953
1057	558
1058	313
1059	953
1060	953
1061	180
1062	731
1063	739
1064	558
1065	558
1066	558
1067	313
1068	558
1069	558
1070	953
1071	313
1072	953
1073	216
1074	888
1075	216
1076	335
1077	558
1078	558
1079	558
1080	558
1081	558
1082	558
1083	558
1084	55
1085	489
1086	953
1087	953
1088	953
1089	953
1090	953
1091	489
1092	55
1093	489
1094	489
1095	313
1096	180
1097	180
1098	489
1099	888
1100	180
1101	558
1102	313
1103	953
1104	558
1105	55
1106	180
1107	731
1108	489
1109	489
1110	489
1111	180
1112	888
1113	180
1114	489
1115	888
1116	383
1117	558
1118	335
1119	953
1120	383
1121	313
1122	313
1123	383
1124	499
1125	313
1126	953
1127	180
1128	558
1129	953
1130	558
1131	953
1132	313
